<?xml version="1.0"?>
<opencv_storage>
<K_l type_id="opencv-matrix">
  <rows>3</rows>
  <cols>3</cols>
  <dt>d</dt>
  <data>
    1.3653583094727571e+03 0. 3.4427552688362823e+02 0.
    1.3620589389509339e+03 2.3486880524270904e+02 0. 0. 1.</data></K_l>
<P_l type_id="opencv-matrix">
  <rows>3</rows>
  <cols>4</cols>
  <dt>d</dt>
  <data>
    6.0963614721315741e+02 1.2627791832327066e+03 1.2830219819839675e+02
    7.7446694948579243e+04 -1.2108022432997727e+03
    6.2504295312625709e+02 2.3161852952587142e+02 1.9554528395733295e+05
    6.7181501081986270e-02 1.3982669970091730e-01 9.8789429594624178e-01
    6.6123945424655244e+02</data></P_l>
<dist_l type_id="opencv-matrix">
  <rows>1</rows>
  <cols>5</cols>
  <dt>d</dt>
  <data>
    -3.7726047199688767e-01 1.4092318448564402e+01
    -1.4271682415028970e-03 6.7023464246905974e-03
    -2.3202326416092612e+02</data></dist_l>
<K_r type_id="opencv-matrix">
  <rows>3</rows>
  <cols>3</cols>
  <dt>d</dt>
  <data>
    1.3656675413747530e+03 0. 2.9554898421343012e+02 0.
    1.3627240840024006e+03 2.2620848971692666e+02 0. 0. 1.</data></K_r>
<P_r type_id="opencv-matrix">
  <rows>3</rows>
  <cols>4</cols>
  <dt>d</dt>
  <data>
    5.5344643228098630e+02 1.1754441709809741e+03 5.1422279523223335e+02
    7.7942055625156296e+04 -1.2484129804628396e+03
    5.5247729563448297e+02 2.1076308490931731e+02 1.8872621613483725e+05
    -7.8095600032371176e-02 -1.4339347586645262e-01
    9.8657964115144847e-01 6.9718514913293086e+02</data></P_r>
<dist_r type_id="opencv-matrix">
  <rows>1</rows>
  <cols>5</cols>
  <dt>d</dt>
  <data>
    -5.1463985423185166e-01 1.6652029121771186e+01
    -4.2710316124484303e-03 -1.6178059869179065e-03
    -2.0856807001719477e+02</data></dist_r>
</opencv_storage>
