<?xml version="1.0"?>
<opencv_storage>
<K_l type_id="opencv-matrix">
  <rows>3</rows>
  <cols>3</cols>
  <dt>d</dt>
  <data>
    1.4001388890901428e+03 0. 3.2346555882752745e+02 0.
    1.3965736476367197e+03 2.3570454351597908e+02 0. 0. 1.</data></K_l>
<P_l type_id="opencv-matrix">
  <rows>3</rows>
  <cols>4</cols>
  <dt>d</dt>
  <data>
    2.5417842994269898e+02 1.4143401909389117e+03
    -7.3502746160380070e+00 1.2246156279665600e+05
    -1.3831219608688295e+03 3.0266505006002012e+02
    3.6634600338169435e+01 2.1166840741974328e+05
    -9.0190025740175178e-02 2.4992289539077156e-01
    9.6405617347563322e-01 6.5357793286175786e+02</data></P_l>
<K_r type_id="opencv-matrix">
  <rows>3</rows>
  <cols>3</cols>
  <dt>d</dt>
  <data>
    1.3826288785798135e+03 0. 2.9787344177023073e+02 0.
    1.3799090138019044e+03 2.0886234120360592e+02 0. 0. 1.</data></K_r>
<P_r type_id="opencv-matrix">
  <rows>3</rows>
  <cols>4</cols>
  <dt>d</dt>
  <data>
    -4.6265762650852622e+01 -1.0404948278098159e+03
    9.5688097258868788e+02 2.9406749862481601e+05 1.3787718384866280e+03
    6.7751420355097594e+01 2.0535414868189758e+02 3.6879939480153029e+04
    -1.8199910017788201e-03 5.0666179180589310e-01
    8.6214297906831883e-01 5.9300480716011612e+02</data></P_r>
</opencv_storage>
