<?xml version="1.0"?>
<opencv_storage>
<K_l type_id="opencv-matrix">
  <rows>3</rows>
  <cols>3</cols>
  <dt>d</dt>
  <data>
    1.4101667194343311e+03 0. 3.5750582165197358e+02 0.
    1.4056503144973508e+03 2.5741477044028392e+02 0. 0. 1.</data></K_l>
<P_l type_id="opencv-matrix">
  <rows>3</rows>
  <cols>4</cols>
  <dt>d</dt>
  <data>
    2.5205969105950624e+02 1.4326989574878071e+03
    -1.4839085941308895e+01 1.2192686230857854e+05
    -1.3946223989811126e+03 3.0993521933007747e+02
    3.2919519533365531e+01 2.1214173662271985e+05
    -1.0043886069161702e-01 2.7710098794658000e-01
    9.5557682984781445e-01 6.5415278434769596e+02</data></P_l>
<dist_l type_id="opencv-matrix">
  <rows>1</rows>
  <cols>5</cols>
  <dt>d</dt>
  <data>
    -6.6976968159434636e-01 2.3457164607656782e+01
    -1.8870024406132421e-03 8.0393024091384886e-03
    -2.9065211444391826e+02</data></dist_l>
<K_r type_id="opencv-matrix">
  <rows>3</rows>
  <cols>3</cols>
  <dt>d</dt>
  <data>
    1.3805824450642322e+03 0. 3.0967441324093949e+02 0.
    1.3778284798104030e+03 2.1702217237344175e+02 0. 0. 1.</data></K_r>
<P_r type_id="opencv-matrix">
  <rows>3</rows>
  <cols>4</cols>
  <dt>d</dt>
  <data>
    -4.5081472734510228e+01 -1.0412033825684111e+03
    9.5695836209306435e+02 2.9356136704501894e+05 1.3776797569740665e+03
    6.6562164294035128e+01 2.0755218280400038e+02 3.6719203010809433e+04
    2.8608186066068353e-03 4.9895831316192957e-01 8.6662126528461236e-01
    5.9188073168175094e+02</data></P_r>
<dist_r type_id="opencv-matrix">
  <rows>1</rows>
  <cols>5</cols>
  <dt>d</dt>
  <data>
    -2.8306015297323694e-01 5.3107886449751174e+00
    -5.3851793927162661e-03 1.8892607336232772e-03
    -4.2538724065652929e+01</data></dist_r>
</opencv_storage>
